TAG vt-g2-coin n_total 2517 days 1644 eq_first 20210701 eq_last 20251230 97047.0
| quy | n | sel | BD | DCA | win% | TSloss% | meanP% | mP|SM% | mP|SL% | PnL USDT | funding | margin TB | ROI% | equity cuoi | maxDD% (ngay) | UW (ngay) |
|---|---|---|---|---|---|---|---|---|---|---|---|---|---|---|---|---|
| 2021Q3 | 283 | 269 | 14 | 0 | 85.87 | 14.49 | 4.101 | 6.84 | -12.07 | 3305.2 | 22.5 | 352 | 9.15 | 38201 | -4.39 | 19 |
| 2021Q4 | 151 | 133 | 18 | 0 | 80.13 | 20.53 | 2.238 | 6.83 | -15.55 | 678.9 | -6.9 | 409 | 2.05 | 38984 | -2.58 | 27 |
| 2022Q1 | 63 | 63 | 0 | 0 | 85.71 | 15.87 | 4.116 | 7.25 | -12.50 | 1319.6 | -17.4 | 503 | 3.38 | 40303 | -1.89 | 33 |
| 2022Q2 | 201 | 174 | 8 | 19 | 81.09 | 18.91 | 2.272 | 7.34 | -19.45 | 255.9 | -72.7 | 322 | 0.64 | 40559 | -6.38 | 39 |
| 2022Q3 | 56 | 48 | 8 | 0 | 91.07 | 10.71 | 7.004 | 8.22 | -3.14 | 2494.8 | -10.4 | 586 | 6.15 | 43054 | -0.13 | 19 |
| 2022Q4 | 111 | 101 | 4 | 6 | 75.68 | 20.72 | 2.726 | 7.80 | -16.69 | 673.0 | -251.0 | 350 | 1.56 | 43727 | -6.55 | 2 |
| 2023Q1 | 100 | 94 | 6 | 0 | 90.00 | 14.00 | 4.674 | 7.11 | -10.27 | 2705.8 | 19.0 | 557 | 6.19 | 46433 | -1.30 | 18 |
| 2023Q2 | 121 | 105 | 16 | 0 | 78.51 | 23.97 | 6.968 | 12.00 | -9.01 | 4778.3 | -41.9 | 694 | 9.04 | 50632 | -1.94 | 61 |
| 2023Q3 | 103 | 85 | 18 | 0 | 87.38 | 18.45 | 5.414 | 7.58 | -4.17 | 4346.3 | -142.7 | 794 | 9.73 | 55557 | -0.60 | 24 |
| 2023Q4 | 193 | 184 | 9 | 0 | 87.05 | 13.47 | 4.599 | 7.04 | -11.09 | 5337.3 | -21.8 | 640 | 9.49 | 60828 | -2.02 | 16 |
| 2024Q1 | 189 | 164 | 25 | 0 | 90.48 | 9.52 | 4.909 | 7.10 | -15.87 | 5802.9 | 117.9 | 653 | 9.65 | 66697 | -1.00 | 34 |
| 2024Q2 | 143 | 116 | 26 | 1 | 81.12 | 19.58 | 2.057 | 7.09 | -18.60 | 1437.3 | -5.5 | 749 | 2.16 | 68135 | -3.52 | 58 |
| 2024Q3 | 102 | 96 | 6 | 0 | 90.20 | 12.75 | 5.756 | 7.26 | -4.57 | 4059.3 | -19.9 | 770 | 5.96 | 72194 | -1.11 | 26 |
| 2024Q4 | 166 | 152 | 14 | 0 | 94.58 | 5.42 | 5.935 | 6.97 | -12.11 | 7796.8 | 32.9 | 835 | 10.80 | 79991 | -0.21 | 17 |
| 2025Q1 | 174 | 166 | 8 | 0 | 93.10 | 6.32 | 4.908 | 7.07 | -27.16 | 6863.3 | -52.4 | 831 | 8.58 | 86854 | -1.19 | 28 |
| 2025Q2 | 25 | 25 | 0 | 0 | 88.00 | 12.00 | 5.337 | 8.52 | -18.04 | 1148.2 | -201.5 | 1050 | 1.32 | 88002 | -0.45 | 15 |
| 2025Q3 | 53 | 49 | 4 | 0 | 75.47 | 22.64 | -0.072 | 5.96 | -20.69 | 303.2 | 51.8 | 961 | 0.34 | 88305 | -0.66 | 23 |
| 2025Q4 | 283 | 200 | 64 | 19 | 85.16 | 6.01 | 6.254 | 8.43 | -27.85 | 8741.8 | -129.5 | 717 | 9.90 | 97047 | -0.83 | 52 |

| nam | n | sel | BD | DCA | win% | TSloss% | meanP% | mP|SM% | mP|SL% | PnL USDT | funding | margin TB | ROI% | equity cuoi | maxDD% (ngay) | UW (ngay) |
|---|---|---|---|---|---|---|---|---|---|---|---|---|---|---|---|---|
| 2021 | 434 | 402 | 32 | 0 | 83.87 | 16.59 | 3.453 | 6.84 | -13.57 | 3984.1 | 15.6 | 372 | 11.38 | 38984 | -4.39 | 33 |
| 2022 | 431 | 386 | 20 | 25 | 81.67 | 17.87 | 3.273 | 7.56 | -16.45 | 4743.3 | -351.6 | 390 | 12.17 | 43727 | -6.55 | 39 |
| 2023 | 517 | 468 | 49 | 0 | 85.69 | 17.02 | 5.330 | 8.22 | -8.78 | 17167.6 | -187.3 | 667 | 39.11 | 60828 | -2.02 | 61 |
| 2024 | 600 | 528 | 71 | 1 | 89.33 | 11.33 | 4.657 | 7.09 | -14.34 | 19096.3 | 125.5 | 746 | 31.50 | 79991 | -3.52 | 58 |
| 2025 | 535 | 440 | 76 | 19 | 86.92 | 8.04 | 5.146 | 7.78 | -24.99 | 17056.4 | -331.5 | 794 | 21.32 | 97047 | -1.19 | 60 |

TOTAL n=2517 win=85.82 TSloss=13.83 meanP=4.455 PnL=62047.7 equity=97047 maxDD_day=-6.55 UW=82 negQ=0
