TAG vt-g2-b0 n_total 2517 days 1644 eq_first 20210701 eq_last 20251230 131908.0
| quy | n | sel | BD | DCA | win% | TSloss% | meanP% | mP|SM% | mP|SL% | PnL USDT | funding | margin TB | ROI% | equity cuoi | maxDD% (ngay) | UW (ngay) |
|---|---|---|---|---|---|---|---|---|---|---|---|---|---|---|---|---|
| 2021Q3 | 283 | 269 | 14 | 0 | 85.87 | 14.49 | 4.101 | 6.84 | -12.07 | 5019.3 | 27.1 | 490 | 13.91 | 39868 | -5.27 | 17 |
| 2021Q4 | 151 | 133 | 18 | 0 | 80.13 | 20.53 | 2.238 | 6.83 | -15.55 | 1467.2 | -5.6 | 574 | 4.06 | 41486 | -3.05 | 27 |
| 2022Q1 | 63 | 63 | 0 | 0 | 85.71 | 15.87 | 4.116 | 7.25 | -12.50 | 1838.8 | -21.1 | 675 | 4.43 | 43325 | -2.16 | 33 |
| 2022Q2 | 200 | 173 | 8 | 19 | 81.00 | 22.00 | 2.258 | 6.99 | -14.51 | -333.9 | -104.5 | 469 | -0.77 | 42991 | -10.02 | 56 |
| 2022Q3 | 56 | 48 | 8 | 0 | 91.07 | 10.71 | 7.004 | 8.22 | -3.14 | 2907.7 | -16.7 | 725 | 6.76 | 45899 | -0.12 | 19 |
| 2022Q4 | 104 | 93 | 4 | 7 | 73.08 | 25.00 | 1.955 | 8.89 | -18.86 | 196.3 | -548.6 | 490 | 0.43 | 46095 | -9.37 | 10 |
| 2023Q1 | 109 | 103 | 6 | 0 | 89.91 | 13.76 | 4.707 | 7.15 | -10.62 | 3868.4 | 30.9 | 800 | 8.39 | 49963 | -2.12 | 20 |
| 2023Q2 | 121 | 105 | 16 | 0 | 77.69 | 24.79 | 6.807 | 12.08 | -9.17 | 7366.3 | -61.8 | 886 | 13.42 | 56666 | -2.00 | 45 |
| 2023Q3 | 103 | 85 | 18 | 0 | 87.38 | 18.45 | 5.414 | 7.58 | -4.17 | 5392.7 | -254.1 | 983 | 10.69 | 62722 | -0.68 | 24 |
| 2023Q4 | 193 | 184 | 9 | 0 | 87.05 | 13.47 | 4.599 | 7.04 | -11.09 | 8449.4 | -24.3 | 966 | 13.28 | 71051 | -2.24 | 16 |
| 2024Q1 | 189 | 164 | 25 | 0 | 90.48 | 9.52 | 4.909 | 7.10 | -15.87 | 10337.8 | 217.6 | 1188 | 14.72 | 81509 | -1.48 | 34 |
| 2024Q2 | 143 | 116 | 26 | 1 | 81.12 | 19.58 | 2.057 | 7.09 | -18.60 | 1081.1 | -3.8 | 1163 | 1.33 | 82591 | -5.39 | 80 |
| 2024Q3 | 102 | 96 | 6 | 0 | 90.20 | 12.75 | 5.756 | 7.26 | -4.57 | 5819.0 | -24.8 | 1085 | 7.05 | 88410 | -1.01 | 26 |
| 2024Q4 | 166 | 152 | 14 | 0 | 94.58 | 5.42 | 5.935 | 6.97 | -12.11 | 13445.1 | 73.2 | 1441 | 15.21 | 101855 | -0.22 | 17 |
| 2025Q1 | 174 | 166 | 8 | 0 | 93.10 | 6.32 | 4.908 | 7.07 | -27.16 | 13782.2 | -143.3 | 1693 | 13.53 | 115637 | -1.87 | 28 |
| 2025Q2 | 25 | 25 | 0 | 0 | 88.00 | 12.00 | 5.337 | 8.52 | -18.04 | 2880.6 | -291.6 | 2122 | 2.49 | 118517 | -0.57 | 15 |
| 2025Q3 | 53 | 49 | 4 | 0 | 75.47 | 22.64 | -0.072 | 5.96 | -20.69 | -279.7 | 120.7 | 2020 | -0.24 | 118238 | -1.30 | 40 |
| 2025Q4 | 282 | 199 | 64 | 19 | 85.46 | 6.38 | 6.749 | 9.14 | -28.27 | 13670.6 | -390.0 | 1341 | 11.56 | 131908 | -1.54 | 52 |

| nam | n | sel | BD | DCA | win% | TSloss% | meanP% | mP|SM% | mP|SL% | PnL USDT | funding | margin TB | ROI% | equity cuoi | maxDD% (ngay) | UW (ngay) |
|---|---|---|---|---|---|---|---|---|---|---|---|---|---|---|---|---|
| 2021 | 434 | 402 | 32 | 0 | 83.87 | 16.59 | 3.453 | 6.84 | -13.57 | 6486.5 | 21.5 | 519 | 18.53 | 41486 | -5.27 | 33 |
| 2022 | 423 | 377 | 20 | 26 | 81.09 | 20.33 | 3.089 | 7.65 | -14.80 | 4608.9 | -690.8 | 539 | 11.11 | 46095 | -10.02 | 69 |
| 2023 | 526 | 477 | 49 | 0 | 85.55 | 17.11 | 5.289 | 8.22 | -8.91 | 25076.7 | -309.3 | 917 | 54.14 | 71051 | -2.24 | 45 |
| 2024 | 600 | 528 | 71 | 1 | 89.33 | 11.33 | 4.657 | 7.09 | -14.34 | 30682.9 | 262.2 | 1235 | 43.35 | 101855 | -5.39 | 86 |
| 2025 | 534 | 439 | 76 | 19 | 87.08 | 8.24 | 5.406 | 8.16 | -25.23 | 30053.8 | -704.1 | 1560 | 29.51 | 131908 | -1.87 | 60 |

TOTAL n=2517 win=85.74 TSloss=14.30 meanP=4.477 PnL=96908.9 equity=131908 maxDD_day=-10.02 UW=86 negQ=2
